1.085	1.075	1.088	1.075	1.075	1.075	1.095	1.085	1.096	1.09	1.08	1.09	1.08	1.095	1.09	1.086	1.09	1.081	0	1.09	1.091	1.075	1.095	1.091	1.085	
1.075	1.08	1.089	1.09	1.08	1.1	1.09	1.08	1.08	1.09	1.085	1.092	1.07	1.095	1.095	1.085	1.09	1.1	0	1.095	1.092	1.075	1.095	1.09	1.085	
1.07	1.075	1.085	1.085	1.075	1.1	1.09	1.075	1.07	1.07	1.085	1.09	1.08	1.095	1.1	1.1	1.09	1.095	0	1.09	1.091	1.04	1.11	1.085	1.09	
1.07	1.065	1.086	1.08	1.07	1.09	1.11	1.078	1.1	1.09	1.08	1.088	1.08	1.09	1.085	1.092	1.095	1.11	0	1.115	1.093	1.19	1.095	1.09	1.085	
1.075	1.08	1.09	1.085	1.09	1.09	1.09	1.08	1.065	1.11	1.08	1.105	1.08	1.1	1.086	1.1	1.09	1.09	0	1.09	1.095	1.095	1.087	1.086	1.08	
1.09	1.1	1.068	1.12	1.075	1.1	1.095	1.11	1.075	1.085	1.08	1.092	1.08	1.095	1.08	1.12	1.09	1.1	0	1.09	1.095	1.07	1.095	1.095	1.082	
1.075	1.07	1.09	1.065	1.08	1.085	1.095	1.065	1.085	0	1.07	1.075	1.09	1.075	1.08	1.1	1.08	1.085	0	1.095	1.1	1.17	1.09	1.095	1.12	
0	0	0	0	1.065	0	0	0	0	0	0	0	1.096	0	0	1.065	1.065	1.07	0	1.095	1.07	1.09	0	0	0	
0	0	0	0	0	0	0	0	0	0	0	0	0	0	0	0	0	0	0	1.095	0	1.01	0	0	0	
0	0	0	0	0	0	0	0	0	0	0	0	0	0	0	0	0	0	0	0	0	1.11	0	0	0	
0	0	0	0	0	0	0	0	0	0	0	0	0	0	0	0	0	0	0	0	0	1.13	0	0	0	
0	0	0	0	0	0	0	0	0	0	0	0	0	0	0	0	0	0	0	0	0	1.19	0	0	0	
0	0	0	0	0	0	0	0	0	0	0	0	0	0	0	0	0	0	0	0	0	1.06	0	0	0	
0	0	0	0	0	0	0	0	0	0	0	0	0	0	0	0	0	0	0	0	0	1.08	0	0	0	
0	0	0	0	0	0	0	0	0	0	0	0	0	0	0	0	0	0	0	0	0	1.11	0	0	0	
0	0	0	0	0	0	0	0	0	0	0	0	0	0	0	0	0	0	0	0	0	1.05	0	0	0	
0	0	0	0	0	0	0	0	0	0	0	0	0	0	0	0	0	0	0	0	0	1.08	0	0	0	
0	0	0	0	0	0	0	0	0	0	0	0	0	0	0	0	0	0	0	0	0	1.098	0	0	0	
0	0	0	0	0	0	0	0	0	0	0	0	0	0	0	0	0	0	0	0	0	1.075	0	0	0	
0	0	0	0	0	0	0	0	0	0	0	0	0	0	0	0	0	0	0	0	0	1.09	0	0	0	
0	0	0	0	0	0	0	0	0	0	0	0	0	0	0	0	0	0	0	0	0	1.18	0	0	0	
0	0	0	0	0	0	0	0	0	0	0	0	0	0	0	0	0	0	0	0	0	1.11	0	0	0	
0	0	0	0	0	0	0	0	0	0	0	0	0	0	0	0	0	0	0	0	0	1.1	0	0	0	
